764

Pergamum, 606.
11111111, 270.
1111111111, 636.
Pan‘rtylium, ssoe.
Paruulus.
P aquare. 474.

Parjury, loran', 102, 000.
1111111, 276.

INDEX

11161, Greek. charged 111611 Propositum, 202.
(1111111111646. 1111111111, 160.
Pol. 600 11111110.

roua, 111. Ρωωμη.
prim» 100. 103.

Pollio, 076.
111 1111111, 460. 11111611, 707.

1317103511.. aa, 11. 1060500111.
uffa. 1......1 111.

. Pomptina 11111111, 677 humum·

706. praenarrasse.
111111111111111. 602. Proculeius, 00, 00.
Ponam, 200, 644. 461, 401. Procurator, 606, 676.
—- 11 menn, 402, 600. 600.

' . 1..11..11..1....,111 —pmuuu

. 1114111111.

104. 009. 006. m
1111161111, 674.
111111, 614
Pinax, 707.
Pinna 1111111, 406.
Pinum 406
1111111111, 120.
1161161, 466, 666-
11111111, 640.
1111116117 010.

, . 1111111111, 270.
. 1111111111,620,016.

11161, 176, 620, 660.
11111111111, 106.
Plerumque, 606, 701, 707.
Pluma, 244.

1111111111, 616.

1111111, uae os, 126, 269,

Plures, 074. 606.
Plurimus, 26, 666.

’ 1111 nimio, 47.
Fadium, 640.

11111, (1111116111 ui, 060.
Poena, 142.

Puer, 1661161611 14, 060.

1116111111, 110.
——, their boukr, 660.
111611, 30.

111111, 111.
mmmm
11111111, 200.

1111116111, 661.
Promittere, 464
1111111111, 647, 460, 607.
11111311100. 1161114. 460. 676.
Porro, 600. 1111111, partomi, 6, 106.
11161111, 074, 407, 664, 222, 620.

670 -, 1111111111, 271,
--- Philippi, 430. 066.
111111117211111, 264, 366, 466, 677.
Post. 104 602. 607.
Pautgauitua, 1601100111αοὓο
Ponticum, 676. 111111111,660,660.
116111, 14, 21, 214, 216, 1111111611, 004.

260, 700. 11111111, 710.
Fateatur, 702. 11111111, 616.
Pota· 1111, 610. 11111111οῶ1.ῆο
116111661161041070. 200.
111. 1111. ..
11111111611, 077. 11161111, 606, 600, 641.
111111, 400. 440. 601, Pffin 31⁸⁸
11111111, 471, m. 000.
1011111111, 476.
Publius, 664.
Publius 01111 427.
11111111111707.
Pudor, 60.
-· malua, 626.
Puella, 100, 177, 247.
Puellae (111111), 126.
Puer. 177, 207, 260, 000.

474. 720.

Pueri 1 stadiis. 406.
Pulcher, 700.
Pulchra 1111, 600.
Pullus, 661, 414.
1111116101, 461.
1111116111, 640

popina, 400, 620, 616.
111111, 26, 02.
1111111111, 160.

720.

Praefectura, 000.

Pru 61611, 664.
Pru 1111, 647.
Praemia, 667.
1111111111111, 206.
11111111, 77, 462, 664.
1111611611, 000.
praetextae, 721
Praetor, 400.
praevaricamur.
11111116111, 061.
11161111, 717.
111111, 466, 661.
111116111071111, 60.

Ρ111111106Η200610620, 11111111,141,674,114 1

1116011, 11111, 666.
Pam. 661.

671, 020, 660.
11111, 604.

Prummu&⁸

1

 

