A.

Ab (01500), 817.
r 450000, 898, 419.

“ 4501000150.

451, 695.

4510151008, 22, 87, 111, 116,
154, 155, 254, 270, 275,
866, 588.

45100000, 489.

4500000010, 449.

450110, 688.

4110001000, 488.

45000000, 511.

40, 829, 482.

Aeaeam. 162.

Acceptum referre, 677.

40000500, 267, 670.

40000051νο, 256, 812, 857.
468, 512, 585, 574.

4000000, 661.

Aeetam, 410.

40511100, aad.

40100000, 61. ·

401000οο0, 458.

Acroceraunia, 16.

Actiaci Ludi, 51.

Actium, 88, 268, 295.

--, Apollo af, 265.

Actora 688. 718.

Acumen, 488, 685.

Acuta 50111, 280.

400500 morbus, 476.

40 0005000, 598.

40110000, 882.

Addere, 150, 684

40010000, 518.

40000000, 575.

Adesse, 421.

4011000500 anni, 247.

4010051νο cf 51000, 12, 814
492, 528.

4010000500, 718.

4150500, 421.

40010001, 577.

4000155000 000100, 481.

4001000000, 12.

INDEX

ΤΟ THE NOTES.

Ador, 528.

Adonea, 229.
40000000, 884.
4000015000, 145, 615.
Adversarius, 424.
Adversus, 480.
40000050ιο, 326.
4001500001, 818.
40015000, 845, 580.
4000000, 888, 887.
4000001, 598.

Aedes, 480.

neretum, 876.

401100 Gallus, 66, 78, 117.
Aemilia, 894.

450000, 147, 477, 558.
400100, 14.

Aequanus, 6580
Aeque 01, 208.

-· (demta), 550·
4000, 899.

A ,872

400 ianam, 688.

find-Added*
400500000, 58.
400500, 561.

Aetna, 651.
405000000, 258.
Aetna, 18.

400010, 10, 567.
460500, 465.
Affigere, 455.
Africus, 4.

Agnae, 548.

Ager, 585.

Agere, 826, 507, 584.
Agger, 418.

Agim, 711.

egnati, 481.
agrimensores, 698.
Algngz, 840, 489, 704, 705.
41005, 454.

Alba 11000, 615, 680.
Album Jndicnm, 878.
Albunea, 659.

4100000, 87, 71, 800.
Alcman, 707.

Alce, 201.

Alex, 498.

Alexander, 188, 802, 657.

Alexandria, 202.

Alina, 480, 677.
41100000, 87.
Alloquium, 805.

Almus, 150, 286, 268.

4150 8000110, 418.

Alter, 40.

Δῖῶἔ mam& by» 658·

4151100, 589.

41500174, 288.

Alnmnna, 186, 196.

Alata, 894.

Amalthea, 162.

Amana, 112.

Amare, 57.

-37-1- (tc 50 went), 181,

Amator, 551.

40050000, 508.

4005150, 866, 896, 484.

ambitiosus, 61.
4005050100, 887.

Ambulare, 869.

Ammo 0010000000, 287.
4001500276.

Amoenus, 625.

Amor, 840.

Amphiaraus, 161.

Amphora, 29, 92, 165, 541,
,691702

Amplius, 880. ¹

Amyntan, 296.

Amystis, 81.

40, 880.

Anacreon, 45.

4001110, 154.

 

