0161661, 667.

Stella, 210, 009.
0166166161, 42, 019, 707.
----, 611 16616, 601.
0166666666, 162.

0111166 1611616, 400.
Stipatores, 659.
Stipendium, 818.

011161, 210.

016161, 102, 006, 066, 067,

467, 640, 667, 699, 600.
01611, 040.
016661, 61661661, 262.
0161111, 460, 644
011666, 061.
01166616 161111, 470, 620.
0116611, 602, 607.
0116666 inertie, 607.
Strenuus, 210.
01111111, 604.
stringere, 888, 611.
01111166, 1616161, 4.
01166161, 624.

studere with 66 6666161116, 601.

Studio, 070.
0161111111, 6616, 467.
0166616, 066, 677.
Styx, 118.

06611616, 600.
Suaviter, 410, 696.

066, 271441, 462, 620, 604.

- 16 composition, 16.

-6116 666., 27, 129,

277, 409, 604, 626, 690.
- 661666, 629.
Subinde, 595.

Subire, 270, 419.

Subjuuctivo, 029, 030, 610,

620, 622, 629.
Sublimis, 41, 204, 710.
submittere, 229, 496.
Subscriptio, 406.
06611116161, 607.
substringere, 611.
0661616, 040.
06616666, 006.
06666616, 666.

Succinctus, 077, 414, 624, 16611, 15.

066661 (1116611492.
Succco, 072.

Suetus (1111611) 414.
066111 190.

06161116, 629

06116, 012.

Sumen, 6222
0616616, 667.

Summa, 207.
Summum, od, 667.

06666166, 107, 122, 129, 16616161, 162.

421.

10 1Ηο NOTES.

Summum (τέλος), 622. 16661, 551. '
0661 qui, 2, 066, 400, 677, 161, 66, 110, 661.

694. Terence. 670.
suovetaurilia, 626. 16166116, 110, 279, 006.
06661161, 670. 161616, 200.

Super, 47, 297, 616, 601, 16161, 696002, 000, 602.

604 161661, 260.

06661616, 466. Tergcre, 451.
Superno, 104. 16166611661,017,609,666.
06661661, 272. Terminus, 129.
0666116661, 106, 619, 724 {affligi} 077, 079.
16116, 29, 192.
1611666, 224, 000.
1611666616, 040, 706.
1611666161, 11661616, 706.
1611616116, 049.
1611616111, 727.
1666161, 00.
16661161, 664670, 674.
16661166, 649.
Theognis, 706.
Theomnastus, 685.
Thermopolie, 490.
Thespio, 714.
1116166161, 600.
11166661, 76.
1156610661, thynnus, 498,
Τ, Tiberius, 120, 176, 226, 240.
—-, 611 6116166161, 596.
1666116, 600.

11616190, 260, 616, 707,
16661166, 619.

6611166616. ollii. 16
66161, ooo. 611, 111.

rabie, 61616666, 161. inimoco.
Tabulae, 446.

116616, 066.
166116, 229.
Talentum, 401, 602, 580.
1611, 627.
16161, 476.
161666, 26, 027.
Tanti, nil, 722.

06616611 nucum, 529.
0661666, 196.
0666611116, 609.
0616666, 160.
06161166, 721.
0666666616 nuso, 091.
0611661, 600.

0666, 290.

06661166 66161, 620.
06166163, 409.
0666616166, 460, 622.
syncope, 00, 006, 476, 609,

16616616. ’
6616116,

Timor Deorum, 400.

1116, 009.

Tirocinium fori, 009.

111166, 220.

Tituli, 092.

Toga, 288, 206, 042, 000,
4641 617, 609, 662.

'logum componere, 470.

T 166, 662, 721.

&Qua 149, 064, 606,

16161, 600, 675.

1616661616, 190.

1616616, 600, 677.

Torqucrc 1166, 609.

1611616, 006.

-— jecur, 210.

1611616, 046.

16161, 600.

11661, 127.

1166661, 079.

Tradere, 421, 696, 642.

Tro gellone, 1166166, 672.

Trogcdy, 01661, 710. 716.

-- Roman, 714.

1661116166, 266.

161 egonus, 272.

Temere, 467, 660, 712.
16661661, 692.

16666, 24.

Temperare, 199.

Templo, 11,121, 158, 457.
Temx, 276.

Tendere, 400.

1666611611 to, 490.
Tenere, 626.

Tentare, 162196, 002, 476.

Tenuis, 120, 700.

 

