766 INDEX

6611181. Sennium 616666, nummorum.
Setinum, 122, 649. 6066116 vitae, 646. --,66661)6601,646, 406.
6611661166, 69, 90 606610660666116, 626. . -—, 661601, 466.
66110616, 196. Senectus, 606. Smith's 0160616606 06 61.
6611666, 662. Senex, 441, 666. Psul’s Voyuge, 69.
-16011061, 664. Senior-es, 724. 600066, 656, 676, 705.
661166, 96, 694 Senium, 640. 600161 11766, 176

66166666 silete, 670. 66666, verbs of, 169. 6001611106, 719.

66161666, 401. 60066611, len. 600106, 201.

6661016110, 661. Septimius, 62. Socrates, 116, 451, 491, 646.
66601ω, 666, 445. 666, 671. Sepulchres, 416 606166, 666.

6666160116, 412, 679. ’ Seres, 67. 601661, 95.

Saue, 691. 6061 studiorum, 428. Soldiers’ discharge, 666.
66606, 400. Sermo. 867. 466. 60166611, 125.

6601066196, 440. 6660061, 267, 650. Soles, 656, 614.

Sapientia, 74.Ι Sertorius, 611, 660. Soleus 646.
6600160, 675, 707. 60666, 172. -- emere, 646.
6666666006, 406. Servs, 466. Solidns dies, 5.

6611660 rqne, 272, 617. Servus, 629. 6011166666, 497.

Saturnum, 201, 466, 566. 6066010066116716. 60106, 706, 760, 767.
6610610 Dromo, 717. Sestertium, 696, 664 696. Solvere, 56, 165.

Sarrum, 260. 606106, 666. Sonare, 616, 696.

Suro, 666. Settling drys, 676. 6066610666, 666.

6606166, 609, 766. Sertorius, 661. Songs ut 666616, 660, 646.
Scarus 461. Sextilis, 566. 6001600166, 461.

Scaurus, 656. Sheep, 96. Sors. 69. 666. 626.

Schola, 670. 616006, 690. Sortito, 262.

Sciens with 6 genitive, 166 61661606, 66. 606066, 665.

60111061, 510, 596. 61, 214, 610, 616, 567. Spain, 147, 160.

60166666, 4. - omitted, 467. guentani, 26.

Scipio. 146, 269, 297. Sibyllino books, 661, 669. partum, 282.

Seobs, 499. 610, 14, 466, 466, 610, 696, 60611661, 477.

60006, 499. 716. 606 longus, 716.
600066, 266. - hebet, 466. 606666, 469.

6066166, 660, 606, 619, 596. - temere, 109. 6000106666, 690, 711, 729.
60615066, 469. 610006, 662. 606006, 606.
6661610601166, 662, 666. 6106666169. Speuue’s Polymetis 666,
60610106, 764. Sicyon, 666. 671.

606016, 691. Sidus, 169, 660, 609. 6016060, 662

600666, 440, 466. 6101116, 694. 6016160619.
6006606, 662, 667. Signum, 491, 619, 640, 676. 60166, 403.

Senties, 657. Silenus, 601. 6016660, 264.
6001161666, 49, 77. Siliqua, 669. Splendidus, 267, 475.
Seni-ringo, 619. 61166, 64. Spondere, 667, 766.
660666, 427. Silvanus, 194. Sponsor, 616, 666.
6606603, 141. Simius, 427. Sportula, 166.

660116 unguibus, 26. Simonides, 69, 401, 705. Spring, 249.
Secundae spere, 10666, 421. —oi Amorgus, 706. 6066066, 604.
Secundus, 66, 644. Simplex, 106, 666. Squillo, 497. 641.
6000611666 publicu, 76. Simul, 69, 69, 174, 601, 61. Ρ601, 6711-
606442. 669. 6166616611, 626.

—·- (nster digression), 627. 61660606, 662. 61636 (16666, 120.
Sedem, reducere in, 605. singular number, 66. Stagna, 120.

Sedere, 664. singultim, 691. stein, 666.

Sedulo nutrix, 709. 6161616066666,297. 6166666616, 26.
6061011166, 679. Siqua, 176. Stare, 26, 46, 676.
6616106, 176. Situs, 216. 61661666, 711, 716.
Seli-eontrol, 677. Sive omitted, 16, 26, 149, Stator, 677.
Seis-deience, 446. 209. Stetere, 664

66116 0666116, 666. 616606, 450, 621, 669, 666, Statius, 1116Ρ600066011006,
Semel, 264. 629, 662. 16.

Semele, 190. —-, ernelty 10, 416. Status, 676.

 

