. 11444, 466, 621, 696, 692.

1114114146, 671.

ment. 728.

Toron-m& 196.

mmo, 83⁸·

76464. 427.

7ῃτ1ω14111ω1448411164, 222
um

iiiumphotun, 144

1114414644, 222, 297.

1114141111 4411114144 266.

’ Trivio, 196.

11444142.

'li-ochos, 201, 469, 726.

mvn ⁶⁰⁸

44441.

114114, 476.

146146.

'fust-hun ' , 621, 666.

Tumultus, 1 .

144144, 249.

haimim. 691.

14164616.
1111644, 606, 622.

’1114114 146144, 667, 446, 7411411420.

421, 666. 671.
7314444414, 179.

U.
111614, 221.

111114,229,,,666499442,74ρο,.1229

426, 696, 611, 629, 690.
myssa, 414
11146111444, 207
Umbra. 640, 676, 620.
Unctus, 722.

11464, 66, 292, 692, 466, 7 146144, 496, 621, 672.

617.
-64414, 690.

4414411444, 44.

INDEX

Ungue, 818.
Unguis, 169. 669, 721.

Velleius, 240.
7441444, 699.
7444, 126.
744444144584.
1144411414ιὶ1, 626.
7444114, 176. 629. 622.
74411414, 666.
74444414, 229.
74441411, 266, 462, 616.
744141, 220.
Venimus, 672.
7441141114.
-- (Libitina), 617.
114444ρὶ4, 292. — (161411 4661441191.
Unity. 664. --,Ρ141114144’ 4146114
9144. 166, 856, 606, wo. 41, 611

694. 7444414, 142241.
imos, 229, 271, 672292, 7444111644646.

220, 667, 669, 691, 896, 741446464, 121.

499,446.74164,”]4141414, 642.
- 6411, 21, 276, 614. -- 6414, 649.
- following 44 4111446114, - nominaque, 666.

219, 666, 476, 622, 627, 741641 44641, 662.

627. Verba-‚mio

4 noun, 622. Verborum obligotio, 616.

-11444446, 412 Verecunda, 629.

11164444, 697, 621.
1114444, 702
91444, 12 902.
9144115322, 242.

11

4114, 711.
Urna, 88, 167, 669. 442.
Um 1111141, 212.
94664. 699.
Usque, 216, 696.

- (omitted), 272, 226. 741441, 267, 266.
vomo, 276, 622.

- tamon, 622.

11144, 604.

96111144, 266.

91141444-44, 271, 424 7411414, 77, 717.
741144,106.196. 247.
74ἔ414 (6144144), Ν, ⁶8⁴.
Veruntamen, 627.
vespertinus, 614.
744μί114444, 412.
ve& of 411141 iudom
74414, 114.

744444, 21, 697, 689, 626, 74441144, battle of, 696.

622741414476.

74141444, 696.

741144, 626 7414144, 179, 262.

Vadimonium, 626 ,mm 71444414, 696.

74141, 469. - 2144444644412.

7484441114, 226. - Tiburtino, 402, 416.

Vagus, 499, 710. 7141144, 666624.

-4441114 621. 7141111114, 621.

valeo, 76, 227. Vico, 264.

Valeria, 412. 714414, 919, 427, 722.

741144, 624. 71444. 797.

71411144, 126.

Victoria, 641.

71444, 694.

- 7114141144, 669 976.

716441, 22

7111444, 222.

Villo, 622.

71111444, 7111444, 616.

Vinaria, 641.

vincere, 646, 967, 461.

vappa, 6344 678.

varus, 852. 446.

Vota, 669.

74, 604.

Vectigal, 169, 126, 466.
74 414, 214.

Vel, 27 4» 694.
74114, 696.

 

