766 INDEX

0166666884. 0666166, 460. 06168468, 616.
0166616841. Confestim, 609. cultor ugoni, 708.
0166616 3666888. 0666666480. Cultus, 490.
claudius, 888. 06666666, 161, 407. 06161166 788.
covus, 687. 0661666666, 68. Cometa, 880, 688.
. — trabalis, 78 06666666, 41. cuminum, 647.
(neopum. 88, 84, 488. 0666661666, 164. Cumque, 71.
01166166, 188. 06666166, 896 066666, 78
Clivus Sooor, 888, 888. 06666166, 846, 680. 06 pomero, 67.
0666466, 400, 609. 06666616 6, 788. Cupido, 188, 881..
0666 vestes, 868. Consilium proprium, 874. Cup pidoo, 718.
06616616861766618160,0666666, 801. 06616666166666616418.
168, 876, 884, 410, 410, 066661, 849. Cur, 78, 696.
478488. 066661666479. cumo, 606.
0666666616, 466. 06666866, 74. -666666 656.
-··· 66 otialis, 464. 0666666666, 187, 601. - cotom, 668, 671.
0666666616, 666. 06616666661. 140. ---‚ with infinitivo, 718.
06666668666 6666661166, 06666666, 189. 06666616, 667.
488.678 0666666166, 676, 687, 688. eumont, 889, 480.
0666611666 11666666, 181. 0666666666, 804. Gon-iculum, 8.
06666666, 188, 477. Conventus, 409. curtus, 408.
cogi in brovo, 661. 0666666666661 idioma, 418, Cot-ulo 666-16666166, 8898, }
008041044118681. 418, 488. 888688.
06861166, 606. 06666666, 818. Corvum, 78, 486. 1
6666866176. 0666666816. 6666,66ι,666,666 1
066666, 409, 666, 686. eom, 86. Custodia. 6601
commem. 6666, ooo. 6666666666 66.
0611666616, 879. Coro, 180. Cynthus, 188880.
0616666,77,118, 188, 467. 06666, 6, 907, 464. Cybolossfl.
color, 688. —- copiae, 46, 866. 0661666 18.
061661, 497. Cornua, 184. 06611666, 710 ¹
0616661166, 8, 686. Corona, 640, 786. 0 66666, 184
columna, 786. Coronae 666166, 86. 036166, 688648.
-- 1166616, 884. corrector, 681, 668. (tymim, 648.
0666666, 781. 0666668486.
---,0161, 16166116, 660 06661ςὶ66, 884.
Now, 868. 06663616, 676.
-·,Ν871,368ι 0077118, m 630. D·
066666, 408, 684. cntharum, 678, 706.
Comitium, 680. 06661η,ρι·6166661,878,874, 11661, 186, 868.
commati, 818. 681, 698, 616. Domo, 8.
commodus, 189, 888. erana, 468644201166666666, 471
0666666 66666, 868. 0666616660. .)880 1166666166, 188.
Commotus, 486. 0666666 116, 148168, 868, 11666163,118,160.
Communia, 710. 811. Doro, 666 166 componas,
0666666616 sensus, 86806166, 648. 478, 687.
0666611666, 488. Crat-inno, 781. - verbo, 848.
0666661166, 689. Crediderim, 114. 116666, 4, 66, 81, 818, 818,
componore, 868. 06666166, 819. 868, 868, 466, 467, 478,
Compos, 78, 847. 0666666, 466, 688. 607, 718.
06666116, 466, 486, 680. 0666166, 868. 1166, (1166166666 61, 680.
compositum, 409. 1 crepidam, 780. 11666, 166166,Θο
066, 16 6666666616, 888. · 06616, 81, 464, 484. 116 (611661618648.
0666661666, 864. ¹ Croton wine, 81. - modio dio, 661686.
concentus, 617. ⁴ 0611161, 661. - modio 66666), 488.
concinere, 888. ¹ 066666, 488, 666. - (intensive), 887.
conclave, 684. 0666, 806 -, m composition, 81.
Concludere, 867. 0666666686. 1166616, 441.
concutere, 860. Crux, 864, 68811666666666, 181.
Condere diem. 888. 1061666 44, 419, 487, 687. 866666νὶ6666, 668. ¹
Conditus (66616), 898. ,0661161484 11666666, 660. ¹
06616666, 189, 888, 664 066166, 410. Decidius 8666, 168. ’

 

