INDEX

Febuloeur, 148

Focale, 484.

199919(196999111,333. 118183, 276, 673, 616.
-,111119691119, 331. 19619119, 682.
Fecetur, 340, 431, 682. Foedere Regum, 669.

Facundia, 714

Folia Delia, 224.

1911999, 182, 279, 632, 843. 119199919302, 663.

Familia, 68.

111111, 1919919 91 chue et, Fructicue, 729.

1199199212 295, 411.

1111196991, 674.

Eat 1119119317, 612.

-· 11691911), 616.
Estne, 630.

FAt qui, 694

11919, 468.

111 item, 660.

utcu 9911 uc. ”

utinm, 472.
Etruriam, 890.
1198991999, 711.
119199, 202.
1199191 99, 727
11911916
11198911, 268.

111991986999119119991, 161 19911118 ,19111991 443

111911919, 866.
1119919, 718
2199199196.
11191919919, 449.
11199119919124.
11191 664
11199 262.
1119911199,180.
Excutere, 168.
1119919199 313.
Exemplar, 663.
1119191191, 63.

16. 177, 436.
11 19, 19, 20.
111191919177.
111191, 717
11199 11999919, 667.
1199619999, 366.
11199ᾱί19, 63.
1119961199, 286.
1119996919, 668.
1119911999, 634.
111 99119919, 226.

Fatela, 613.

Fur, 384

19119, 11919991, 624.
1191191, 482, 681, 689.

Fue, 131.
1199999, 682.
1119919199, 484.

Furti, 184, 252, 661.
, 1991161991, 601.

reste, 487.
Fatalis, 83.
Faenum
Fuuuulir, 186.
199999, 131.
Favere 119 uie 137
1911111, 461.

99,1119911919999,714. 1991, 999 9196 with 699119,

629.

retundet, 676.
Felix, 897.
Ferculum, 524.

Fere, 677.
191199 Latinae, 592.

—- 6129199199 669.

1919, 361.

Ferox, 96.

19119, 698.

—- pedem, 113.
191919, 367.

1199119919 (11999), 664.

Feetuce, 631.
1191119, 702.
1119911199, 411.
Fide, 955.

--, genitive, 162.
116999, 161.
Fides, 66, 78, 680.
Figere, 179.

11189, 468.
11811199, 411.
Filum, 676.
Findere, 4.
Fingere, 169, 222.

Fingere, 991999 91, 640.

Finis, 129, 318.
Firmus, 634
Fiat-truite, 604.
11911, 461.

-, 9911119433.
Fistula, 190.
flagellum, 867.
Flectere, 163, 218.
Floralia, 477.
1191919, 674.

Feute Bello, 626.
-- 1191199, 625.
Fordicidia, 670.
Fere (9111), 343.
1191911996. 7 2. 688.
1919999118.
Feres, 624. ,
Ferme, 473.
19119919, 200, 373, 669.
Formiae, 183, 381.
19119169, 677.
Formideloeue, 287.
19191919, 467.
191911, 616.

1919, 29, 66, 326.
Foreit, 396.
19119999. 401.
Fortee et boui. 228.
Fortis, 4110, 467, 679.
1191191199, 121.
Fortuna, 11, 76.
Fortunae 111199, 620.
1911991119, 607.

Portum-tollere, 31, 337.

Forum, 481, 620, 627.

1199199187.

1119199641.

Fruue, 132, 266.

1119969919622, 689.

-- 61199064 «1
1191119991, 124.

1ῖί919. 189

1111111119, 476.

1198, 191119 91, 489.

Fronte, 19, 413. .

Fructibus 96191919, 334.

Frugi, 610, 6266261127·

. Frumcutetio, 471.

1199119, 168176.
199119, 601.

Fuga, 239.

1989966

Fnge ugrti'vue, 684, 598.
119189919119911, 107.
Fullo, 464.
1919119919144.
Fulvus, 227.
Fumarium, 166.
Fumum et cinerem, 622
1919119, 711
199911999919, 170.
1999999199, 676
Functum 1969111199, 130
Fundetur, 622.

Fundus, 36138, 612, 663 ¹

 

