NOMINUM PROPRIORUM. 748

83413344, 833. 111840. nedum 1143444,0. 111481.
114844, (1 1. 11. 813 0. 1. 44311. 83 (1.1.
4414. 43 (1. 11. 1. 813 (1 11. xvi. 83
8. (1111111443 (1.ΙΠ.3.93(1ΙΙ13111.
193 (1. lv. xiv. 483 Canu. 8444. 84.
Macedo, 0. 111. 431. 14. 8 ’ (1 Ι. 4431111.
8811411111111181111414οι1 14ψὼ11011111144444434.
44. 73 (1. 111. 31113 (1 ΙΠ. 431. 803 ,444183 (1111141.
(1111 44143 (1. IV. 41193 8348. 13 Memnon, 84141488.
8348. 1113 8348. 14. 3 8 413.3 844. Memphis, (1. ΙΠ. 4431. 10.
1. 13 844. Ι. 11ι. 04 3 844. ,3. 87, 81, 483 8444 84144144, 3. Ι. 311. 88.
844. 1. 313 844. Ι. 14. 483 844. 1. 4813 umnam, 844. ,111113 83311187.
844. 11. 111. 818 3 84411 31. 81, 88, 413 84444 (844), 3184 48 ,13.
844. ΙΙ. 311. 883 844. 11. 3111. 18, 883 1144484444 14344411, 84 11180.
833. L 13 833. 1. 3114444 3 1818. 343. 83 Menelaus, 844. 11. ιίἱ. 1983 833. 1. 311. 48.
833. 1414. 84444144, 844. 11. 111. 887.
844444 Tarpa (83), 3184 Turpe, 844. 1 8434431484, (1 11. 4311. 893 844. 11. 11188.
4883 4341484887. Mercurius, (1111. 443 (114183 (1.
11444144, 844. 111013 844. 1111. 81883 1. 4413. 18 3 (1. 1. xxx.8; (1. 11. 311. 183
833. 1. 43. 88. (1. 111. 41. 13 844. 11111883 844. 11.
84444144, C. 1. 31. 83 C. IV. 14. 8. 318, 18.
8443144, 8348. 313 8348. 4. 8. 84314444, 0. Ι. 31. 18 3 (1. 1. xv. 88.
Magnam, (1111311. 18. 84444114 corvinus, (1.111. 441193 844. Ι.
8414811148384111318. 31483 844Ι.488,883Δι4.Ρ444.871.
84141444, 844. 11188. 11444144 014133844, 844. Ι. 3. 88, 84.
Mamurrae, 844. 1 3. 87. 11444444, (1. IV. 13. 88.
8448414, 8 3. 1. 43111 108. 8444114 (caeciliu), 84411111889.
114444, (1113183 8348. 3. 943 844. Ι. 84441144 macedonicus. 844. ΙΙ. 1. 07.
3111893 833. 11. i. 188. -((14143,(1Π.11.
8441144 (hg. 7184 Torquatus. Methymnaeus, 4. 11. viii. 80.
843441144, . 1. xii. 48. Miletum 1431180.
843414, Reguli uxor, (1. ΙΠ. 3. 41. 81144144, 4. ΙΙ. 1. 84.
Mareoticum 314443, (1144431114. 814444, (1. 1111488.
1143144, (1. 111. 4311. 7. 8844433434, 833. 131 88 3 833. 11. ii.
1143144, flat. 11111877. 101.
11434, 3184 etiam 1143434, (1. 1. 11. 883 C. 1. 111444, (1 111. 1. 87.
31183 (1.1 4311. 883 (1.1. 443111173 11144334, 3184 Ρ41144, (1. ΠΙ. 11ι. 883 (1.
(1. 11. 413. 18 3 (1111. 111. 16, 88 3 (1. 111 III. xii. 5 3 (1. IV. vi. 183 Sat. 1111. 8 3
3. 84, 843 C. IV. xiv. 9. Art. Ρ484. 888.
84344444, 844. Ῑ. 11. 88. 111444, (1. 1. 44311193 (1. IV. vii. 81.
umal. 1883 3184 48 (1111. 893 814443444833148.
(1. 11. 44. 18 3 (1111. 3. 93 0. 111. 413. 81444144, 833 1. 43111. 81.
183 83484783 8348. 431. 83 83431 81444434, 844111488.
4311. . 81431444. 8184 11 444.
843434, 844. 1. 31. 180. 84144444 (unio), 31. 83 8441131.
1143444114. (1. 143119. 114.
11434144 1144414, (1 III. viii. 1. 84444444,ΜΠ.31.9.
—-, (1111311883 (1181893 (111. 11434,0.1111.173 (1. Ι. 13. 18 3 (111111.
413. 173 Art. Post. 408. 14 3 844. 11. 1. 88.

8444434444, (1. Ι. 4443. 40. 11444844, 833. 1. 3. 9.
84441444 314443,(1Ι. 1. 193 (1. 11311. 813 1144144 (84443414), 833. Π. 1189.
(1. 111. 441 8 3 844. 1113. 81. 8413144, 844. 11. 311. 88.
11441444, (1. 1. 443111. 8 3 (1 1111. 873 Munatius 8144444 (8)(1. Ῑ. 311. 4444443

8348. 43188. 1818. 343193 (1. ll .413.88.
1144441444 84443, 844. 11. 3180. ——- 41144, 833. 111181.
844344, (1. 1. 11. 893 (1. 1. 441183 (1. 11 843344 (L. 8141444), (1. ῙΙ. 4. totum 3 C.
31. 83 (1. 111. 418. 11184113 844 1. 3. 88.
1143434, C. lv. 311188. 8444, (1. Ι. 31. 103 (1. 1. xvii. 143 c.1
8441444(1441144848144),(111111118. 4431 l, 93 (1. 144411. 93 C. 11. 1. 9,
114844, 8341111. 103 8348. 3. 883 8348. 87 3 C. 11. 4. 19 3 (1. 11. xii. 18 3 C.
431883 Art. 1881188188. ΙΙΙ. 1. 83 (1. 111. 111. 703 (1111414.

 

